<svg width="80" height="80" viewBox="0 0 80 80" fill="none" xmlns="http://www.w3.org/2000/svg">
<circle cx="40" cy="40" r="40" fill="black" fill-opacity="0.6"/>
<g clip-path="url(#clip0_61_1615)">
<path d="M59.4702 29.7533C59.1265 29.1137 58.7552 28.4879 58.3565 27.8896C57.9577 27.2844 57.5246 26.6998 57.0709 26.1359C56.6377 25.5995 56.184 25.0906 55.7027 24.6023C51.7084 20.5242 46.1534 18.0002 40.0071 18.0002C33.8609 18.0002 28.2784 20.5379 24.2771 24.6298C23.8027 25.1181 23.349 25.627 22.909 26.1634C22.4621 26.7136 22.0427 27.2913 21.644 27.8896C21.2452 28.4879 20.874 29.1137 20.5302 29.7533C18.9146 32.8136 18.0002 36.3003 18.0002 40.0002C18.0002 45.2406 19.8427 50.0546 22.909 53.8371C23.3421 54.3666 23.8027 54.8824 24.2771 55.3707C28.2784 59.4626 33.854 62.0002 40.0071 62.0002C46.1602 62.0002 51.7084 59.4695 55.6959 55.3982C56.1771 54.9099 56.6377 54.401 57.0709 53.8715C60.1509 50.0822 62.0002 45.2544 62.0002 40.0002C62.0002 36.3003 61.0859 32.8136 59.4702 29.7533ZM46.8959 50.8386C46.8959 50.8386 46.9577 50.8524 46.9921 50.8661C45.5277 54.2978 43.3965 56.6773 41.0109 57.2069C40.9902 57.2069 40.9696 57.2138 40.949 57.2206V50.0753C42.819 50.1303 44.6134 50.3504 46.2909 50.708C46.4902 50.7492 46.6896 50.7974 46.889 50.8455L46.8959 50.8386ZM40.9559 31.9609C42.6127 31.9196 44.2077 31.7545 45.734 31.4932C46.4146 31.3763 47.0815 31.2456 47.7277 31.0737C47.9821 31.8577 48.2021 32.683 48.3877 33.5357C48.5321 34.1959 48.649 34.863 48.7452 35.5507C48.9034 36.6373 49.0065 37.7789 49.0477 38.9343C49.0477 38.9756 49.0477 39.0099 49.0477 39.0512H40.949V31.9609H40.9559ZM51.8046 27.4288C50.9452 27.8552 50.0102 28.2403 48.9996 28.5704C48.2434 26.748 47.3152 25.1731 46.229 23.9215C48.0577 24.6161 49.7146 25.6408 51.179 26.8855C51.3921 27.0643 51.6052 27.2363 51.8046 27.4288ZM47.0059 29.1412C46.7721 29.1962 46.5384 29.2444 46.2977 29.2994C44.6477 29.657 42.874 29.8771 41.0384 29.9252C41.0109 29.9252 40.9834 29.9252 40.9627 29.9252V22.7936C40.9627 22.7936 41.004 22.7936 41.0246 22.8074C43.2452 23.2956 45.2459 25.4069 46.7034 28.4673C46.8065 28.6873 46.9096 28.9143 47.0059 29.1481V29.1412ZM49.0477 40.9562C48.9996 42.8405 48.7727 44.6492 48.4084 46.3341C48.2571 47.0906 48.0646 47.8264 47.8446 48.5348L47.7209 48.9268C47.0746 48.7617 46.4146 48.6242 45.734 48.5073C44.2146 48.246 42.6127 48.0878 40.9559 48.0396V40.9493H49.0477V40.9562ZM46.2565 56.0584C47.3221 54.8068 48.2502 53.2456 48.9996 51.4301C49.8452 51.7052 50.6221 52.0284 51.3646 52.3722C51.509 52.441 51.6671 52.5029 51.8115 52.5786C50.5052 53.8096 48.9996 54.8205 47.3565 55.5907C46.999 55.7558 46.6346 55.9208 46.2634 56.0584H46.2565ZM50.1202 48.0328C50.3059 47.3038 50.4709 46.5404 50.6152 45.7633C50.8696 44.2366 51.0346 42.6273 51.0759 40.9493H57.2152C57.2015 41.1762 57.1877 41.3963 57.1671 41.6164C57.0777 42.6067 56.9059 43.5626 56.6446 44.491V44.5048C55.9984 46.9255 54.8365 49.14 53.2827 51.0106C52.2034 50.426 51.0002 49.9102 49.7009 49.4907C49.8521 49.0162 49.9965 48.5279 50.1202 48.0328ZM57.2152 39.0512H51.0759C51.0415 37.6758 50.9246 36.3416 50.7321 35.0693C50.6427 34.3816 50.519 33.7008 50.3815 33.0406C50.189 32.1672 49.9621 31.3213 49.7077 30.5167C51.0002 30.0903 52.2034 29.5814 53.2759 29.0037C53.8877 29.7258 54.424 30.5029 54.8984 31.3213C55.2284 31.8715 55.5171 32.4354 55.7715 33.0268C56.569 34.8218 57.064 36.7886 57.1946 38.8518C57.1946 38.9205 57.2084 38.9824 57.2152 39.0512ZM28.794 53.0737C28.5946 52.9018 28.3815 52.7367 28.189 52.551C29.0552 52.1247 29.9902 51.7464 31.0009 51.4094C31.599 52.8674 32.3209 54.1603 33.1321 55.2606C33.3315 55.5357 33.5309 55.8108 33.744 56.0653C31.9152 55.3569 30.2515 54.3254 28.794 53.0668V53.0737ZM22.8334 41.6095C22.8127 41.3963 22.799 41.1762 22.7852 40.9493H28.9315C28.9727 42.6273 29.1377 44.2366 29.4059 45.7633C29.5365 46.5404 29.6946 47.3038 29.8871 48.0328C30.0109 48.5279 30.1484 49.0162 30.2996 49.4838C29.0002 49.8965 27.7971 50.4054 26.7177 50.9899C25.1709 49.1193 24.009 46.9187 23.3559 44.5048V44.491C23.1015 43.5626 22.9227 42.5998 22.8334 41.6095ZM29.6327 33.0406C29.4952 33.7008 29.3715 34.3816 29.2684 35.0693C29.0827 36.3416 28.9659 37.6758 28.9315 39.0512H22.7852C22.8952 36.9193 23.404 34.8836 24.2359 33.0268C24.4902 32.4354 24.779 31.8715 25.109 31.3213C25.5834 30.5098 26.1196 29.7395 26.7246 29.0174C27.804 29.5951 29.0002 30.104 30.2927 30.5235C30.0384 31.3282 29.8184 32.1672 29.6327 33.0406ZM28.189 27.4426C29.7909 25.9296 31.6884 24.7192 33.7784 23.9215C32.6921 25.1731 31.7571 26.7549 31.0009 28.5842C30.1484 28.3022 29.3577 27.9859 28.6015 27.6351C28.464 27.5664 28.3196 27.5113 28.1821 27.4426H28.189ZM35.0365 48.3835C34.349 48.4798 33.6684 48.6036 33.0152 48.748C32.7677 48.803 32.5271 48.858 32.2865 48.9199L32.1627 48.5279C31.9427 47.8264 31.7571 47.0906 31.599 46.3341C31.2346 44.6423 31.0077 42.8336 30.9596 40.9493H39.0515V48.0396C37.6627 48.074 36.3152 48.1909 35.0296 48.3835H35.0365ZM30.9527 39.0512C30.9871 37.8546 31.0902 36.6786 31.2621 35.5507C31.3515 34.863 31.4752 34.1959 31.6265 33.5357C31.8121 32.683 32.0321 31.8646 32.2865 31.0875C32.5271 31.1494 32.7677 31.2044 33.0152 31.2594C33.6684 31.3969 34.349 31.5207 35.0365 31.6239C36.3221 31.8164 37.6696 31.9265 39.0584 31.9609V39.0512H30.9596H30.9527ZM33.0084 50.8524C33.1734 50.8111 33.3384 50.7699 33.5102 50.7355C34.1702 50.5842 34.8371 50.4673 35.5246 50.371C36.6659 50.1991 37.8484 50.0959 39.0515 50.0615V57.2138C39.0515 57.2138 39.0102 57.2138 38.9965 57.2C36.7621 56.698 34.7409 54.5729 33.2902 51.4782C33.194 51.2719 33.1046 51.0656 33.0152 50.8524H33.0084ZM39.0515 29.7808V29.939C37.8415 29.9046 36.659 29.8014 35.5246 29.6295C34.8371 29.5401 34.1702 29.4163 33.5102 29.265C33.359 29.2375 33.2077 29.1962 33.0634 29.1619C33.0427 29.1619 33.0221 29.155 33.0015 29.1481C34.4727 25.7164 36.6109 23.3369 38.9965 22.8074C39.0171 22.8074 39.0377 22.8005 39.0515 22.7936V29.7808Z" fill="white"/>
</g>
<defs>
<clipPath id="clip0_61_1615">
<rect width="44" height="44" fill="white" transform="translate(18.0002 18.0002)"/>
</clipPath>
</defs>
</svg>
